[mirror.jpg]
filters=bw=1;bw=1;Invert=1;Invert=1;Invert=1;finetune2=1,1.000000,0.322807,0.480000,00000000,0.017544;bw=1;QuantizePalette=1,2.000000,100.000000,0.000000;Soften=1,50.877197,100.000000;
moddate=15f0e253c0c0cc01
width=963
height=1369
textactive=0
